# Calibration for calorimeter in CBM light version
# By //Dr.Sys
#
ContainerName=EcalECalibration
# Methods=1+MaxCellType
Methods=5
MethodB[0]=0
MethodB[1]=0
MethodB[2]=30
MethodB[3]=0
MethodB[4]=10
# For each parameter pol2 approximation used. x = Edep/Egamma
# Edep=log(x)*[0]+[1]+[2]*x
P0M0[0]=0.0
P0M0[1]=0.0
P0M0[2]=0.0
P1M0[0]=0.0
P1M0[1]=0.0
P1M0[2]=0.0
P2M0[0]=0.0
P2M0[1]=0.0
P2M0[2]=0.0
P0M1[0]=0.0
P0M1[1]=0.0
P0M1[2]=0.0
P1M1[0]=0.0
P1M1[1]=0.0
P1M1[2]=0.0
P2M1[0]=0.0
P2M1[1]=0.0
P2M1[2]=0.0
P0M2[0]=-0.000183868468040699
P0M2[1]=-2.04983747648942e-06
P0M2[2]=2.22455119213678e-07
P1M2[0]=0.0846531773270741
P1M2[1]=8.49280120811981e-06
P1M2[2]=-3.31622182378391e-06
P2M2[0]=0.0
P2M2[1]=0.0
P2M2[2]=0.0
P0M3[0]=0.0
P0M3[1]=0.0
P0M3[2]=0.0
P1M3[0]=0.0
P1M3[1]=0.0
P1M3[2]=0.0
P2M3[0]=0.0
P2M3[1]=0.0
P2M3[2]=0.0
P0M4[0]=-6.57881853171189e-05
P0M4[1]=-4.10905865725302e-05
P0M4[2]=2.95093380971606e-06
P1M4[0]=0.079049425030497
P1M4[1]=-5.64649090507641e-05
P1M4[2]=-6.36358185732127e-06
P2M4[0]=2.29999359096978e-05
P2M4[1]=-3.59826356146858e-06
P2M4[2]=3.61965920673411e-07
