#calibration data for calorimeter with 1mm/1mm Lead/Scintillator and
#8.6/10 Lead/Scintillator
P0a[1]=0.003281
P0a[2]=0.00353
P0a[3]=-1111
P0a[4]=0.003694
P0b[1]=0.08831
P0b[2]=0.08547
P0b[3]=-1111
P0b[4]=0.07942
P1a[1]=0.002531
P1a[2]=0.000021
P1a[3]=-1111
P1a[4]=0.00136
P1b[1]=-0.004968
P1b[2]=-0.004228
P1b[3]=-1111
P1b[4]=-0.007333

