# Calibration for calorimeter before MUCH
# By //Dr.Sys
#
#
ContainerName=EcalECalibration
Methods=3
MethodB[0]=10
MethodB[1]=23
MethodB[2]=75
# For each parameter pol2 approximation used. x = Edep/Egamma
# Method 0
# Formula: Edep=log(x)*[0]+[1]
#
# Method 1
# Formula: Edep=log(x)*[0]+[1]+[2]*x
#
# Method 2
# Formula: Edep=log(x)*[0]+[1]+[2]*x
P0M0[0]=-0.00113797520564745
P0M0[1]=0.000213480848390306
P0M0[2]=-1.27608765105124e-05
P1M0[0]=0.0667262053263236
P1M0[1]=0.000989788122663425
P1M0[2]=-6.12749937823793e-05
P2M0[0]=0
P2M0[1]=0
P2M0[2]=0
P0M1[0]=-0.000369627856181705
P0M1[1]=1.99855886349533e-05
P0M1[2]=-5.53632385328439e-07
P1M1[0]=0.0727975796399219
P1M1[1]=8.90175332315082e-05
P1M1[2]=-5.95480459556859e-06
P2M1[0]=-2.40767568282419e-05
P2M1[1]=5.23102006101699e-07
P2M1[2]=-1.04098153790815e-08
P0M2[0]=-0.000958986974349769
P0M2[1]=5.79452994961148e-05
P0M2[2]=-1.00638753389852e-06
P1M2[0]=0.0719791175863249
P1M2[1]=0.00018122967685832
P1M2[2]=-6.29998222812176e-06
P2M2[0]=-5.39159845399509e-05
P2M2[1]=2.21991664203133e-06
P2M2[2]=-3.16891331266193e-08
