# Calibration for calorimeter in CBM light version
# By //Dr.Sys
#
ContainerName=EcalCalibration
# Methods=1+MaxCellType
Methods=5
MethodB[0]=0
MethodB[1]=0
MethodB[2]=30
MethodB[3]=0
MethodB[4]=10
# For each parameter pol2 approximation used. x = Edep/Egamma
# Edep=log(x)*[0]+[1]+[2]*x
P0M0[0]=0.0
P0M0[1]=0.0
P0M0[2]=0.0
P1M0[0]=0.0
P1M0[1]=0.0
P1M0[2]=0.0
P2M0[0]=0.0
P2M0[1]=0.0
P2M0[2]=0.0
P0M1[0]=0.0
P0M1[1]=0.0
P0M1[2]=0.0
P1M1[0]=0.0
P1M1[1]=0.0
P1M1[2]=0.0
P2M1[0]=0.0
P2M1[1]=0.0
P2M1[2]=0.0
P0M2[0]=-0.000218170570120585
P0M2[1]=-1.93113962498673e-06
P0M2[2]=1.98207169815271e-07
P1M2[0]=0.0844917045800811
P1M2[1]=4.28783596049648e-06
P1M2[2]=-2.93649409959698e-06
P2M2[0]=0.0
P2M2[1]=0.0
P2M2[2]=0.0
P0M3[0]=0.0
P0M3[1]=0.0
P0M3[2]=0.0
P1M3[0]=0.0
P1M3[1]=0.0
P1M3[2]=0.0
P2M3[0]=0.0
P2M3[1]=0.0
P2M3[2]=0.0
P0M4[0]=-0.00015039971622423
P0M4[1]=-3.08761095650826e-05
P0M4[2]=2.2618871495481e-06
P1M4[0]=0.0789334214552358
P1M4[1]=-6.71264989493917e-05
P1M4[2]=-4.75405708345746e-06
P2M4[0]=9.10542703141389e-06
P2M4[1]=-2.02705263892048e-06
P2M4[2]=2.34173405109038e-07
