//*********************************************************
// TRD Jul10 geometry by DE
//*********************************************************
// stations located at 4500 / 6750 / 9000 mm in z
// with frontside of radiators of the 1st layer  
// v01 - 12 mm gas thickness		            
// v02 -  6 mm gas thickness (standard)          
// v03 - tilted, 6 mm gas thickness              
// v04 - tilted, aligned, 6 mm gas thickness     
// v05 - tilted layer pairs, 6 mm gas thickness  
//*********************************************************
//*********************************************************
// This is the geometry file of the following configuration
// Number of stations: 3
// Number of layers per station: 4
//*********************************************************
// Inner Radius of station 1: 240.000000
// Outer Radius of station 1: 4600.000000
// z-position at the middle of the station 1: 4800.000000
//*********************************************************
// Inner Radius of station 2: 240.000000
// Outer Radius of station 2: 6600.000000
// z-position at the middle of the station 2: 7050.000000
//*********************************************************
// Inner Radius of station 3: 490.000000
// Outer Radius of station 3: 8600.000000
// z-position at the middle of the station 3: 9300.000000
//*********************************************************
//*********************************
trd1
cave
PGON
air
4
45 360 4
-1300.000000 4300.000000 4600.000000 
-300.000000 1500.000000 4600.000000 
-300.000000 240.000000 4600.000000 
300.000000 240.000000 4600.000000 
0. 0. 4800.0
1.  0.  0.  0.  1.  0.  0.  0.  1.
//*********************************
//*********************************
trd1mod1#1001
trd1
BOX
air
300.000000 -300.000000 -67.500000
300.000000 300.000000 -67.500000
-300.000000 300.000000 -67.500000
-300.000000 -300.000000 -67.500000
300.000000 -300.000000 67.500000
300.000000 300.000000 67.500000
-300.000000 300.000000 67.500000
-300.000000 -300.000000 67.500000
600.000000 0.000000 -232.500000
1.  0.  0.  0.  1.  0.  0.  0.  1.
//*********************************
//*********************************
trd1mod1radiator
trd1mod1#1001
BOX
polypropylene
285.000000 -285.000000 -14.500000
285.000000 285.000000 -14.500000
-285.000000 285.000000 -14.500000
-285.000000 -285.000000 -14.500000
285.000000 -285.000000 14.500000
285.000000 285.000000 14.500000
-285.000000 285.000000 14.500000
-285.000000 -285.000000 14.500000
0.000000 0.000000 -53.000000
1.  0.  0.  0.  1.  0.  0.  0.  1.
//*********************************
//*********************************
trd1mod1gas
trd1mod1#1001
BOX
TRDgas
285.000000 -285.000000 -6.000000
285.000000 285.000000 -6.000000
-285.000000 285.000000 -6.000000
-285.000000 -285.000000 -6.000000
285.000000 -285.000000 6.000000
285.000000 285.000000 6.000000
-285.000000 285.000000 6.000000
-285.000000 -285.000000 6.000000
0.000000 0.000000 -32.500000
1.  0.  0.  0.  1.  0.  0.  0.  1.
//*********************************
//*********************************
trd1mod1padplane
trd1mod1#1001
BOX
goldcoatedcopper
285.000000 -285.000000 -0.015000
285.000000 285.000000 -0.015000
-285.000000 285.000000 -0.015000
-285.000000 -285.000000 -0.015000
285.000000 -285.000000 0.015000
285.000000 285.000000 0.015000
-285.000000 285.000000 0.015000
-285.000000 -285.000000 0.015000
0.000000 0.000000 -26.485001
1.  0.  0.  0.  1.  0.  0.  0.  1.
//*********************************
//*********************************
trd1mod1mylar
trd1mod1#1001
BOX
mylar
285.000000 -285.000000 -0.750000
285.000000 285.000000 -0.750000
-285.000000 285.000000 -0.750000
-285.000000 -285.000000 -0.750000
285.000000 -285.000000 0.750000
285.000000 285.000000 0.750000
-285.000000 285.000000 0.750000
-285.000000 -285.000000 0.750000
0.000000 0.000000 -25.720001
1.  0.  0.  0.  1.  0.  0.  0.  1.
//*********************************
//*********************************
trd1mod1electronics
trd1mod1#1001
BOX
goldcoatedcopper
285.000000 -285.000000 -0.035000
285.000000 285.000000 -0.035000
-285.000000 285.000000 -0.035000
-285.000000 -285.000000 -0.035000
285.000000 -285.000000 0.035000
285.000000 285.000000 0.035000
-285.000000 285.000000 0.035000
-285.000000 -285.000000 0.035000
0.000000 0.000000 -24.935001
1.  0.  0.  0.  1.  0.  0.  0.  1.
//*********************************
//*********************************
trd1mod1frame1#1
trd1mod1#1001
BOX
G10
300.000000 -7.500000 -21.299999
300.000000 7.500000 -21.299999
-300.000000 7.500000 -21.299999
-300.000000 -7.500000 -21.299999
300.000000 -7.500000 21.299999
300.000000 7.500000 21.299999
-300.000000 7.500000 21.299999
-300.000000 -7.500000 21.299999
0.000000 292.500000 -46.200001
1.  0.  0.  0.  1.  0.  0.  0.  1.
//*********************************
//*********************************
trd1mod1frame1#2
trd1mod1#1001
0.000000 -292.500000 -46.200001
1.  0.  0.  0.  1.  0.  0.  0.  1.
//*********************************
//*********************************
trd1mod1frame2#1
trd1mod1#1001
BOX
G10
7.500000 -285.000000 -21.299999
7.500000 285.000000 -21.299999
-7.500000 285.000000 -21.299999
-7.500000 -285.000000 -21.299999
7.500000 -285.000000 21.299999
7.500000 285.000000 21.299999
-7.500000 285.000000 21.299999
-7.500000 -285.000000 21.299999
292.500000 0.000000 -46.200001
1.  0.  0.  0.  1.  0.  0.  0.  1.
//*********************************
//*********************************
trd1mod1frame2#2
trd1mod1#1001
-292.500000 0.000000 -46.200001
1.  0.  0.  0.  1.  0.  0.  0.  1.
//*********************************
//*********************************
trd1mod1#1002
trd1
-600.000000 -0.000000 -232.500000
1.  0.  0.  0.  1.  0.  0.  0.  1.
//*********************************
//*********************************
trd1mod1#1003
trd1
0.000000 600.000000 -232.500000
1.  0.  0.  0.  1.  0.  0.  0.  1.
//*********************************
//*********************************
trd1mod1#1004
trd1
-0.000000 -600.000000 -232.500000
1.  0.  0.  0.  1.  0.  0.  0.  1.
//*********************************
//*********************************
trd1mod1#1005
trd1
600.000000 600.000000 -232.500000
1.  0.  0.  0.  1.  0.  0.  0.  1.
//*********************************
//*********************************
trd1mod1#1006
trd1
600.000000 -600.000000 -232.500000
1.  0.  0.  0.  1.  0.  0.  0.  1.
//*********************************
//*********************************
trd1mod1#1007
trd1
-600.000000 -600.000000 -232.500000
1.  0.  0.  0.  1.  0.  0.  0.  1.
//*********************************
//*********************************
trd1mod1#1008
trd1
-600.000000 600.000000 -232.500000
1.  0.  0.  0.  1.  0.  0.  0.  1.
//*********************************
//*********************************
trd1mod2#1001
trd1
BOX
air
300.000000 -300.000000 -67.500000
300.000000 300.000000 -67.500000
-300.000000 300.000000 -67.500000
-300.000000 -300.000000 -67.500000
300.000000 -300.000000 67.500000
300.000000 300.000000 67.500000
-300.000000 300.000000 67.500000
-300.000000 -300.000000 67.500000
1200.000000 0.000000 -232.500000
1.  0.  0.  0.  1.  0.  0.  0.  1.
//*********************************
//*********************************
trd1mod2radiator
trd1mod2#1001
BOX
polypropylene
285.000000 -285.000000 -14.500000
285.000000 285.000000 -14.500000
-285.000000 285.000000 -14.500000
-285.000000 -285.000000 -14.500000
285.000000 -285.000000 14.500000
285.000000 285.000000 14.500000
-285.000000 285.000000 14.500000
-285.000000 -285.000000 14.500000
0.000000 0.000000 -53.000000
1.  0.  0.  0.  1.  0.  0.  0.  1.
//*********************************
//*********************************
trd1mod2gas
trd1mod2#1001
BOX
TRDgas
285.000000 -285.000000 -6.000000
285.000000 285.000000 -6.000000
-285.000000 285.000000 -6.000000
-285.000000 -285.000000 -6.000000
285.000000 -285.000000 6.000000
285.000000 285.000000 6.000000
-285.000000 285.000000 6.000000
-285.000000 -285.000000 6.000000
0.000000 0.000000 -32.500000
1.  0.  0.  0.  1.  0.  0.  0.  1.
//*********************************
//*********************************
trd1mod2padplane
trd1mod2#1001
BOX
goldcoatedcopper
285.000000 -285.000000 -0.015000
285.000000 285.000000 -0.015000
-285.000000 285.000000 -0.015000
-285.000000 -285.000000 -0.015000
285.000000 -285.000000 0.015000
285.000000 285.000000 0.015000
-285.000000 285.000000 0.015000
-285.000000 -285.000000 0.015000
0.000000 0.000000 -26.485001
1.  0.  0.  0.  1.  0.  0.  0.  1.
//*********************************
//*********************************
trd1mod2mylar
trd1mod2#1001
BOX
mylar
285.000000 -285.000000 -0.750000
285.000000 285.000000 -0.750000
-285.000000 285.000000 -0.750000
-285.000000 -285.000000 -0.750000
285.000000 -285.000000 0.750000
285.000000 285.000000 0.750000
-285.000000 285.000000 0.750000
-285.000000 -285.000000 0.750000
0.000000 0.000000 -25.720001
1.  0.  0.  0.  1.  0.  0.  0.  1.
//*********************************
//*********************************
trd1mod2electronics
trd1mod2#1001
BOX
goldcoatedcopper
285.000000 -285.000000 -0.035000
285.000000 285.000000 -0.035000
-285.000000 285.000000 -0.035000
-285.000000 -285.000000 -0.035000
285.000000 -285.000000 0.035000
285.000000 285.000000 0.035000
-285.000000 285.000000 0.035000
-285.000000 -285.000000 0.035000
0.000000 0.000000 -24.935001
1.  0.  0.  0.  1.  0.  0.  0.  1.
//*********************************
//*********************************
trd1mod2frame1#1
trd1mod2#1001
BOX
G10
300.000000 -7.500000 -21.299999
300.000000 7.500000 -21.299999
-300.000000 7.500000 -21.299999
-300.000000 -7.500000 -21.299999
300.000000 -7.500000 21.299999
300.000000 7.500000 21.299999
-300.000000 7.500000 21.299999
-300.000000 -7.500000 21.299999
0.000000 292.500000 -46.200001
1.  0.  0.  0.  1.  0.  0.  0.  1.
//*********************************
//*********************************
trd1mod2frame1#2
trd1mod2#1001
0.000000 -292.500000 -46.200001
1.  0.  0.  0.  1.  0.  0.  0.  1.
//*********************************
//*********************************
trd1mod2frame2#1
trd1mod2#1001
BOX
G10
7.500000 -285.000000 -21.299999
7.500000 285.000000 -21.299999
-7.500000 285.000000 -21.299999
-7.500000 -285.000000 -21.299999
7.500000 -285.000000 21.299999
7.500000 285.000000 21.299999
-7.500000 285.000000 21.299999
-7.500000 -285.000000 21.299999
292.500000 0.000000 -46.200001
1.  0.  0.  0.  1.  0.  0.  0.  1.
//*********************************
//*********************************
trd1mod2frame2#2
trd1mod2#1001
-292.500000 0.000000 -46.200001
1.  0.  0.  0.  1.  0.  0.  0.  1.
//*********************************
//*********************************
trd1mod2#1002
trd1
-1200.000000 -0.000000 -232.500000
1.  0.  0.  0.  1.  0.  0.  0.  1.
//*********************************
//*********************************
trd1mod2#1003
trd1
0.000000 1200.000000 -232.500000
1.  0.  0.  0.  1.  0.  0.  0.  1.
//*********************************
//*********************************
trd1mod2#1004
trd1
-0.000000 -1200.000000 -232.500000
1.  0.  0.  0.  1.  0.  0.  0.  1.
//*********************************
//*********************************
trd1mod2#1005
trd1
1200.000000 600.000000 -232.500000
1.  0.  0.  0.  1.  0.  0.  0.  1.
//*********************************
//*********************************
trd1mod2#1006
trd1
1200.000000 -600.000000 -232.500000
1.  0.  0.  0.  1.  0.  0.  0.  1.
//*********************************
//*********************************
trd1mod2#1007
trd1
-1200.000000 -600.000000 -232.500000
1.  0.  0.  0.  1.  0.  0.  0.  1.
//*********************************
//*********************************
trd1mod2#1008
trd1
-1200.000000 600.000000 -232.500000
1.  0.  0.  0.  1.  0.  0.  0.  1.
//*********************************
//*********************************
trd1mod2#1009
trd1
600.000000 1200.000000 -232.500000
1.  0.  0.  0.  1.  0.  0.  0.  1.
//*********************************
//*********************************
trd1mod2#1010
trd1
-600.000000 1200.000000 -232.500000
1.  0.  0.  0.  1.  0.  0.  0.  1.
//*********************************
//*********************************
trd1mod2#1011
trd1
-600.000000 -1200.000000 -232.500000
1.  0.  0.  0.  1.  0.  0.  0.  1.
//*********************************
//*********************************
trd1mod2#1012
trd1
600.000000 -1200.000000 -232.500000
1.  0.  0.  0.  1.  0.  0.  0.  1.
//*********************************
//*********************************
trd1mod2#1013
trd1
1200.000000 1200.000000 -232.500000
1.  0.  0.  0.  1.  0.  0.  0.  1.
//*********************************
//*********************************
trd1mod2#1014
trd1
-1200.000000 1200.000000 -232.500000
1.  0.  0.  0.  1.  0.  0.  0.  1.
//*********************************
//*********************************
trd1mod2#1015
trd1
-1200.000000 -1200.000000 -232.500000
1.  0.  0.  0.  1.  0.  0.  0.  1.
//*********************************
//*********************************
trd1mod2#1016
trd1
1200.000000 -1200.000000 -232.500000
1.  0.  0.  0.  1.  0.  0.  0.  1.
//*********************************
//*********************************
trd1mod3#1001
trd1
BOX
air
500.000000 -500.000000 -67.500000
500.000000 500.000000 -67.500000
-500.000000 500.000000 -67.500000
-500.000000 -500.000000 -67.500000
500.000000 -500.000000 67.500000
500.000000 500.000000 67.500000
-500.000000 500.000000 67.500000
-500.000000 -500.000000 67.500000
1994.564087 0.000000 -399.812744
0.944957 0.000000 0.327195 0.000000 1.000000 0.000000 -0.327195 0.000000 0.944957
//*********************************
//*********************************
trd1mod3radiator
trd1mod3#1001
BOX
polypropylene
480.000000 -480.000000 -14.500000
480.000000 480.000000 -14.500000
-480.000000 480.000000 -14.500000
-480.000000 -480.000000 -14.500000
480.000000 -480.000000 14.500000
480.000000 480.000000 14.500000
-480.000000 480.000000 14.500000
-480.000000 -480.000000 14.500000
0.000000 0.000000 -53.000000
1.  0.  0.  0.  1.  0.  0.  0.  1.
//*********************************
//*********************************
trd1mod3gas
trd1mod3#1001
BOX
TRDgas
480.000000 -480.000000 -6.000000
480.000000 480.000000 -6.000000
-480.000000 480.000000 -6.000000
-480.000000 -480.000000 -6.000000
480.000000 -480.000000 6.000000
480.000000 480.000000 6.000000
-480.000000 480.000000 6.000000
-480.000000 -480.000000 6.000000
0.000000 0.000000 -32.500000
1.  0.  0.  0.  1.  0.  0.  0.  1.
//*********************************
//*********************************
trd1mod3padplane
trd1mod3#1001
BOX
goldcoatedcopper
480.000000 -480.000000 -0.015000
480.000000 480.000000 -0.015000
-480.000000 480.000000 -0.015000
-480.000000 -480.000000 -0.015000
480.000000 -480.000000 0.015000
480.000000 480.000000 0.015000
-480.000000 480.000000 0.015000
-480.000000 -480.000000 0.015000
0.000000 0.000000 -26.485001
1.  0.  0.  0.  1.  0.  0.  0.  1.
//*********************************
//*********************************
trd1mod3mylar
trd1mod3#1001
BOX
mylar
480.000000 -480.000000 -0.750000
480.000000 480.000000 -0.750000
-480.000000 480.000000 -0.750000
-480.000000 -480.000000 -0.750000
480.000000 -480.000000 0.750000
480.000000 480.000000 0.750000
-480.000000 480.000000 0.750000
-480.000000 -480.000000 0.750000
0.000000 0.000000 -25.720001
1.  0.  0.  0.  1.  0.  0.  0.  1.
//*********************************
//*********************************
trd1mod3electronics
trd1mod3#1001
BOX
goldcoatedcopper
480.000000 -480.000000 -0.035000
480.000000 480.000000 -0.035000
-480.000000 480.000000 -0.035000
-480.000000 -480.000000 -0.035000
480.000000 -480.000000 0.035000
480.000000 480.000000 0.035000
-480.000000 480.000000 0.035000
-480.000000 -480.000000 0.035000
0.000000 0.000000 -24.935001
1.  0.  0.  0.  1.  0.  0.  0.  1.
//*********************************
//*********************************
trd1mod3frame1#1
trd1mod3#1001
BOX
G10
500.000000 -10.000000 -21.299999
500.000000 10.000000 -21.299999
-500.000000 10.000000 -21.299999
-500.000000 -10.000000 -21.299999
500.000000 -10.000000 21.299999
500.000000 10.000000 21.299999
-500.000000 10.000000 21.299999
-500.000000 -10.000000 21.299999
0.000000 490.000000 -46.200001
1.  0.  0.  0.  1.  0.  0.  0.  1.
//*********************************
//*********************************
trd1mod3frame1#2
trd1mod3#1001
0.000000 -490.000000 -46.200001
1.  0.  0.  0.  1.  0.  0.  0.  1.
//*********************************
//*********************************
trd1mod3frame2#1
trd1mod3#1001
BOX
G10
10.000000 -480.000000 -21.299999
10.000000 480.000000 -21.299999
-10.000000 480.000000 -21.299999
-10.000000 -480.000000 -21.299999
10.000000 -480.000000 21.299999
10.000000 480.000000 21.299999
-10.000000 480.000000 21.299999
-10.000000 -480.000000 21.299999
490.000000 0.000000 -46.200001
1.  0.  0.  0.  1.  0.  0.  0.  1.
//*********************************
//*********************************
trd1mod3frame2#2
trd1mod3#1001
-490.000000 0.000000 -46.200001
1.  0.  0.  0.  1.  0.  0.  0.  1.
//*********************************
//*********************************
trd1mod3#1002
trd1
-1994.564087 0.000000 -399.812744
0.944957 0.000000 -0.327195 0.000000 1.000000 0.000000 0.327195 0.000000 0.944957
//*********************************
//*********************************
trd1mod3#1003
trd1
1994.564087 1000.000000 -399.812744
0.944957 0.000000 0.327195 0.000000 1.000000 0.000000 -0.327195 0.000000 0.944957
//*********************************
//*********************************
trd1mod3#1004
trd1
1994.564087 -1000.000000 -399.812744
0.944957 0.000000 0.327195 0.000000 1.000000 0.000000 -0.327195 0.000000 0.944957
//*********************************
//*********************************
trd1mod3#1005
trd1
-1994.564087 -1000.000000 -399.812744
0.944957 0.000000 -0.327195 0.000000 1.000000 0.000000 0.327195 0.000000 0.944957
//*********************************
//*********************************
trd1mod3#1006
trd1
-1994.564087 1000.000000 -399.812744
0.944957 0.000000 -0.327195 0.000000 1.000000 0.000000 0.327195 0.000000 0.944957
//*********************************
//*********************************
trd1mod3#1007
trd1
0.000000 2000.000000 -232.500000
1.  0.  0.  0.  1.  0.  0.  0.  1.
//*********************************
//*********************************
trd1mod3#1008
trd1
-0.000000 -2000.000000 -232.500000
1.  0.  0.  0.  1.  0.  0.  0.  1.
//*********************************
//*********************************
trd1mod3#1009
trd1
1000.000000 2000.000000 -232.500000
1.  0.  0.  0.  1.  0.  0.  0.  1.
//*********************************
//*********************************
trd1mod3#1010
trd1
-1000.000000 2000.000000 -232.500000
1.  0.  0.  0.  1.  0.  0.  0.  1.
//*********************************
//*********************************
trd1mod3#1011
trd1
-1000.000000 -2000.000000 -232.500000
1.  0.  0.  0.  1.  0.  0.  0.  1.
//*********************************
//*********************************
trd1mod3#1012
trd1
1000.000000 -2000.000000 -232.500000
1.  0.  0.  0.  1.  0.  0.  0.  1.
//*********************************
//*********************************
trd1mod3#1013
trd1
1994.564087 2000.000000 -399.812744
0.944957 0.000000 0.327195 0.000000 1.000000 0.000000 -0.327195 0.000000 0.944957
//*********************************
//*********************************
trd1mod3#1014
trd1
1994.564087 -2000.000000 -399.812744
0.944957 0.000000 0.327195 0.000000 1.000000 0.000000 -0.327195 0.000000 0.944957
//*********************************
//*********************************
trd1mod3#1015
trd1
-1994.564087 -2000.000000 -399.812744
0.944957 0.000000 -0.327195 0.000000 1.000000 0.000000 0.327195 0.000000 0.944957
//*********************************
//*********************************
trd1mod3#1016
trd1
-1994.564087 2000.000000 -399.812744
0.944957 0.000000 -0.327195 0.000000 1.000000 0.000000 0.327195 0.000000 0.944957
//*********************************
//*********************************
trd1mod3#1017
trd1
2939.520996 2000.000000 -727.007446
0.944957 0.000000 0.327195 0.000000 1.000000 0.000000 -0.327195 0.000000 0.944957
//*********************************
//*********************************
trd1mod3#1018
trd1
2939.520996 1000.000000 -727.007446
0.944957 0.000000 0.327195 0.000000 1.000000 0.000000 -0.327195 0.000000 0.944957
//*********************************
//*********************************
trd1mod3#1019
trd1
2939.520996 0.000000 -727.007446
0.944957 0.000000 0.327195 0.000000 1.000000 0.000000 -0.327195 0.000000 0.944957
//*********************************
//*********************************
trd1mod3#1020
trd1
2939.520996 -1000.000000 -727.007446
0.944957 0.000000 0.327195 0.000000 1.000000 0.000000 -0.327195 0.000000 0.944957
//*********************************
//*********************************
trd1mod3#1021
trd1
2939.520996 -2000.000000 -727.007446
0.944957 0.000000 0.327195 0.000000 1.000000 0.000000 -0.327195 0.000000 0.944957
//*********************************
//*********************************
trd1mod3#1022
trd1
-2939.520996 -2000.000000 -727.007446
0.944957 0.000000 -0.327195 0.000000 1.000000 0.000000 0.327195 0.000000 0.944957
//*********************************
//*********************************
trd1mod3#1023
trd1
-2939.520996 -1000.000000 -727.007446
0.944957 0.000000 -0.327195 0.000000 1.000000 0.000000 0.327195 0.000000 0.944957
//*********************************
//*********************************
trd1mod3#1024
trd1
-2939.520996 0.000000 -727.007446
0.944957 0.000000 -0.327195 0.000000 1.000000 0.000000 0.327195 0.000000 0.944957
//*********************************
//*********************************
trd1mod3#1025
trd1
-2939.520996 1000.000000 -727.007446
0.944957 0.000000 -0.327195 0.000000 1.000000 0.000000 0.327195 0.000000 0.944957
//*********************************
//*********************************
trd1mod3#1026
trd1
-2939.520996 2000.000000 -727.007446
0.944957 0.000000 -0.327195 0.000000 1.000000 0.000000 0.327195 0.000000 0.944957
//*********************************
//*********************************
trd1mod1#2001
trd1
600.000000 0.000000 -82.500000
1.  0.  0.  0.  1.  0.  0.  0.  1.
//*********************************
//*********************************
trd1mod1#2002
trd1
-600.000000 -0.000000 -82.500000
1.  0.  0.  0.  1.  0.  0.  0.  1.
//*********************************
//*********************************
trd1mod1#2003
trd1
0.000000 600.000000 -82.500000
1.  0.  0.  0.  1.  0.  0.  0.  1.
//*********************************
//*********************************
trd1mod1#2004
trd1
-0.000000 -600.000000 -82.500000
1.  0.  0.  0.  1.  0.  0.  0.  1.
//*********************************
//*********************************
trd1mod1#2005
trd1
600.000000 600.000000 -82.500000
1.  0.  0.  0.  1.  0.  0.  0.  1.
//*********************************
//*********************************
trd1mod1#2006
trd1
600.000000 -600.000000 -82.500000
1.  0.  0.  0.  1.  0.  0.  0.  1.
//*********************************
//*********************************
trd1mod1#2007
trd1
-600.000000 -600.000000 -82.500000
1.  0.  0.  0.  1.  0.  0.  0.  1.
//*********************************
//*********************************
trd1mod1#2008
trd1
-600.000000 600.000000 -82.500000
1.  0.  0.  0.  1.  0.  0.  0.  1.
//*********************************
//*********************************
trd1mod2#2001
trd1
1200.000000 0.000000 -82.500000
1.  0.  0.  0.  1.  0.  0.  0.  1.
//*********************************
//*********************************
trd1mod2#2002
trd1
-1200.000000 -0.000000 -82.500000
1.  0.  0.  0.  1.  0.  0.  0.  1.
//*********************************
//*********************************
trd1mod2#2003
trd1
0.000000 1200.000000 -82.500000
1.  0.  0.  0.  1.  0.  0.  0.  1.
//*********************************
//*********************************
trd1mod2#2004
trd1
-0.000000 -1200.000000 -82.500000
1.  0.  0.  0.  1.  0.  0.  0.  1.
//*********************************
//*********************************
trd1mod2#2005
trd1
1200.000000 600.000000 -82.500000
1.  0.  0.  0.  1.  0.  0.  0.  1.
//*********************************
//*********************************
trd1mod2#2006
trd1
1200.000000 -600.000000 -82.500000
1.  0.  0.  0.  1.  0.  0.  0.  1.
//*********************************
//*********************************
trd1mod2#2007
trd1
-1200.000000 -600.000000 -82.500000
1.  0.  0.  0.  1.  0.  0.  0.  1.
//*********************************
//*********************************
trd1mod2#2008
trd1
-1200.000000 600.000000 -82.500000
1.  0.  0.  0.  1.  0.  0.  0.  1.
//*********************************
//*********************************
trd1mod2#2009
trd1
600.000000 1200.000000 -82.500000
1.  0.  0.  0.  1.  0.  0.  0.  1.
//*********************************
//*********************************
trd1mod2#2010
trd1
-600.000000 1200.000000 -82.500000
1.  0.  0.  0.  1.  0.  0.  0.  1.
//*********************************
//*********************************
trd1mod2#2011
trd1
-600.000000 -1200.000000 -82.500000
1.  0.  0.  0.  1.  0.  0.  0.  1.
//*********************************
//*********************************
trd1mod2#2012
trd1
600.000000 -1200.000000 -82.500000
1.  0.  0.  0.  1.  0.  0.  0.  1.
//*********************************
//*********************************
trd1mod2#2013
trd1
1200.000000 1200.000000 -82.500000
1.  0.  0.  0.  1.  0.  0.  0.  1.
//*********************************
//*********************************
trd1mod2#2014
trd1
-1200.000000 1200.000000 -82.500000
1.  0.  0.  0.  1.  0.  0.  0.  1.
//*********************************
//*********************************
trd1mod2#2015
trd1
-1200.000000 -1200.000000 -82.500000
1.  0.  0.  0.  1.  0.  0.  0.  1.
//*********************************
//*********************************
trd1mod2#2016
trd1
1200.000000 -1200.000000 -82.500000
1.  0.  0.  0.  1.  0.  0.  0.  1.
//*********************************
//*********************************
trd1mod3#2001
trd1
2043.643311 0.000000 -258.069214
0.944957 0.000000 0.327195 0.000000 1.000000 0.000000 -0.327195 0.000000 0.944957
//*********************************
//*********************************
trd1mod3#2002
trd1
-2043.643311 0.000000 -258.069214
0.944957 0.000000 -0.327195 0.000000 1.000000 0.000000 0.327195 0.000000 0.944957
//*********************************
//*********************************
trd1mod3#2003
trd1
2043.643311 1000.000000 -258.069214
0.944957 0.000000 0.327195 0.000000 1.000000 0.000000 -0.327195 0.000000 0.944957
//*********************************
//*********************************
trd1mod3#2004
trd1
2043.643311 -1000.000000 -258.069214
0.944957 0.000000 0.327195 0.000000 1.000000 0.000000 -0.327195 0.000000 0.944957
//*********************************
//*********************************
trd1mod3#2005
trd1
-2043.643311 -1000.000000 -258.069214
0.944957 0.000000 -0.327195 0.000000 1.000000 0.000000 0.327195 0.000000 0.944957
//*********************************
//*********************************
trd1mod3#2006
trd1
-2043.643311 1000.000000 -258.069214
0.944957 0.000000 -0.327195 0.000000 1.000000 0.000000 0.327195 0.000000 0.944957
//*********************************
//*********************************
trd1mod3#2007
trd1
0.000000 2000.000000 -82.500000
1.  0.  0.  0.  1.  0.  0.  0.  1.
//*********************************
//*********************************
trd1mod3#2008
trd1
-0.000000 -2000.000000 -82.500000
1.  0.  0.  0.  1.  0.  0.  0.  1.
//*********************************
//*********************************
trd1mod3#2009
trd1
1000.000000 2000.000000 -82.500000
1.  0.  0.  0.  1.  0.  0.  0.  1.
//*********************************
//*********************************
trd1mod3#2010
trd1
-1000.000000 2000.000000 -82.500000
1.  0.  0.  0.  1.  0.  0.  0.  1.
//*********************************
//*********************************
trd1mod3#2011
trd1
-1000.000000 -2000.000000 -82.500000
1.  0.  0.  0.  1.  0.  0.  0.  1.
//*********************************
//*********************************
trd1mod3#2012
trd1
1000.000000 -2000.000000 -82.500000
1.  0.  0.  0.  1.  0.  0.  0.  1.
//*********************************
//*********************************
trd1mod3#2013
trd1
2043.643311 2000.000000 -258.069214
0.944957 0.000000 0.327195 0.000000 1.000000 0.000000 -0.327195 0.000000 0.944957
//*********************************
//*********************************
trd1mod3#2014
trd1
2043.643311 -2000.000000 -258.069214
0.944957 0.000000 0.327195 0.000000 1.000000 0.000000 -0.327195 0.000000 0.944957
//*********************************
//*********************************
trd1mod3#2015
trd1
-2043.643311 -2000.000000 -258.069214
0.944957 0.000000 -0.327195 0.000000 1.000000 0.000000 0.327195 0.000000 0.944957
//*********************************
//*********************************
trd1mod3#2016
trd1
-2043.643311 2000.000000 -258.069214
0.944957 0.000000 -0.327195 0.000000 1.000000 0.000000 0.327195 0.000000 0.944957
//*********************************
//*********************************
trd1mod3#2017
trd1
2988.600098 2000.000000 -585.263916
0.944957 0.000000 0.327195 0.000000 1.000000 0.000000 -0.327195 0.000000 0.944957
//*********************************
//*********************************
trd1mod3#2018
trd1
2988.600098 1000.000000 -585.263916
0.944957 0.000000 0.327195 0.000000 1.000000 0.000000 -0.327195 0.000000 0.944957
//*********************************
//*********************************
trd1mod3#2019
trd1
2988.600098 0.000000 -585.263916
0.944957 0.000000 0.327195 0.000000 1.000000 0.000000 -0.327195 0.000000 0.944957
//*********************************
//*********************************
trd1mod3#2020
trd1
2988.600098 -1000.000000 -585.263916
0.944957 0.000000 0.327195 0.000000 1.000000 0.000000 -0.327195 0.000000 0.944957
//*********************************
//*********************************
trd1mod3#2021
trd1
2988.600098 -2000.000000 -585.263916
0.944957 0.000000 0.327195 0.000000 1.000000 0.000000 -0.327195 0.000000 0.944957
//*********************************
//*********************************
trd1mod3#2022
trd1
-2988.600098 -2000.000000 -585.263916
0.944957 0.000000 -0.327195 0.000000 1.000000 0.000000 0.327195 0.000000 0.944957
//*********************************
//*********************************
trd1mod3#2023
trd1
-2988.600098 -1000.000000 -585.263916
0.944957 0.000000 -0.327195 0.000000 1.000000 0.000000 0.327195 0.000000 0.944957
//*********************************
//*********************************
trd1mod3#2024
trd1
-2988.600098 0.000000 -585.263916
0.944957 0.000000 -0.327195 0.000000 1.000000 0.000000 0.327195 0.000000 0.944957
//*********************************
//*********************************
trd1mod3#2025
trd1
-2988.600098 1000.000000 -585.263916
0.944957 0.000000 -0.327195 0.000000 1.000000 0.000000 0.327195 0.000000 0.944957
//*********************************
//*********************************
trd1mod3#2026
trd1
-2988.600098 2000.000000 -585.263916
0.944957 0.000000 -0.327195 0.000000 1.000000 0.000000 0.327195 0.000000 0.944957
//*********************************
//*********************************
trd1mod1#3001
trd1
600.000000 0.000000 67.500000
1.  0.  0.  0.  1.  0.  0.  0.  1.
//*********************************
//*********************************
trd1mod1#3002
trd1
-600.000000 -0.000000 67.500000
1.  0.  0.  0.  1.  0.  0.  0.  1.
//*********************************
//*********************************
trd1mod1#3003
trd1
0.000000 600.000000 67.500000
1.  0.  0.  0.  1.  0.  0.  0.  1.
//*********************************
//*********************************
trd1mod1#3004
trd1
-0.000000 -600.000000 67.500000
1.  0.  0.  0.  1.  0.  0.  0.  1.
//*********************************
//*********************************
trd1mod1#3005
trd1
600.000000 600.000000 67.500000
1.  0.  0.  0.  1.  0.  0.  0.  1.
//*********************************
//*********************************
trd1mod1#3006
trd1
600.000000 -600.000000 67.500000
1.  0.  0.  0.  1.  0.  0.  0.  1.
//*********************************
//*********************************
trd1mod1#3007
trd1
-600.000000 -600.000000 67.500000
1.  0.  0.  0.  1.  0.  0.  0.  1.
//*********************************
//*********************************
trd1mod1#3008
trd1
-600.000000 600.000000 67.500000
1.  0.  0.  0.  1.  0.  0.  0.  1.
//*********************************
//*********************************
trd1mod2#3001
trd1
1200.000000 0.000000 67.500000
1.  0.  0.  0.  1.  0.  0.  0.  1.
//*********************************
//*********************************
trd1mod2#3002
trd1
-1200.000000 -0.000000 67.500000
1.  0.  0.  0.  1.  0.  0.  0.  1.
//*********************************
//*********************************
trd1mod2#3003
trd1
0.000000 1200.000000 67.500000
1.  0.  0.  0.  1.  0.  0.  0.  1.
//*********************************
//*********************************
trd1mod2#3004
trd1
-0.000000 -1200.000000 67.500000
1.  0.  0.  0.  1.  0.  0.  0.  1.
//*********************************
//*********************************
trd1mod2#3005
trd1
1200.000000 600.000000 67.500000
1.  0.  0.  0.  1.  0.  0.  0.  1.
//*********************************
//*********************************
trd1mod2#3006
trd1
1200.000000 -600.000000 67.500000
1.  0.  0.  0.  1.  0.  0.  0.  1.
//*********************************
//*********************************
trd1mod2#3007
trd1
-1200.000000 -600.000000 67.500000
1.  0.  0.  0.  1.  0.  0.  0.  1.
//*********************************
//*********************************
trd1mod2#3008
trd1
-1200.000000 600.000000 67.500000
1.  0.  0.  0.  1.  0.  0.  0.  1.
//*********************************
//*********************************
trd1mod2#3009
trd1
600.000000 1200.000000 67.500000
1.  0.  0.  0.  1.  0.  0.  0.  1.
//*********************************
//*********************************
trd1mod2#3010
trd1
-600.000000 1200.000000 67.500000
1.  0.  0.  0.  1.  0.  0.  0.  1.
//*********************************
//*********************************
trd1mod2#3011
trd1
-600.000000 -1200.000000 67.500000
1.  0.  0.  0.  1.  0.  0.  0.  1.
//*********************************
//*********************************
trd1mod2#3012
trd1
600.000000 -1200.000000 67.500000
1.  0.  0.  0.  1.  0.  0.  0.  1.
//*********************************
//*********************************
trd1mod2#3013
trd1
1200.000000 1200.000000 67.500000
1.  0.  0.  0.  1.  0.  0.  0.  1.
//*********************************
//*********************************
trd1mod2#3014
trd1
-1200.000000 1200.000000 67.500000
1.  0.  0.  0.  1.  0.  0.  0.  1.
//*********************************
//*********************************
trd1mod2#3015
trd1
-1200.000000 -1200.000000 67.500000
1.  0.  0.  0.  1.  0.  0.  0.  1.
//*********************************
//*********************************
trd1mod2#3016
trd1
1200.000000 -1200.000000 67.500000
1.  0.  0.  0.  1.  0.  0.  0.  1.
//*********************************
//*********************************
trd1mod3#3001
trd1
2000.000000 0.000000 67.500000
1.  0.  0.  0.  1.  0.  0.  0.  1.
//*********************************
//*********************************
trd1mod3#3002
trd1
-2000.000000 -0.000000 67.500000
1.  0.  0.  0.  1.  0.  0.  0.  1.
//*********************************
//*********************************
trd1mod3#3003
trd1
2000.000000 1000.000000 67.500000
1.  0.  0.  0.  1.  0.  0.  0.  1.
//*********************************
//*********************************
trd1mod3#3004
trd1
2000.000000 -1000.000000 67.500000
1.  0.  0.  0.  1.  0.  0.  0.  1.
//*********************************
//*********************************
trd1mod3#3005
trd1
-2000.000000 -1000.000000 67.500000
1.  0.  0.  0.  1.  0.  0.  0.  1.
//*********************************
//*********************************
trd1mod3#3006
trd1
-2000.000000 1000.000000 67.500000
1.  0.  0.  0.  1.  0.  0.  0.  1.
//*********************************
//*********************************
trd1mod3#3007
trd1
0.000000 2000.000000 67.500000
1.  0.  0.  0.  1.  0.  0.  0.  1.
//*********************************
//*********************************
trd1mod3#3008
trd1
-0.000000 -2000.000000 67.500000
1.  0.  0.  0.  1.  0.  0.  0.  1.
//*********************************
//*********************************
trd1mod3#3009
trd1
1000.000000 2000.000000 67.500000
1.  0.  0.  0.  1.  0.  0.  0.  1.
//*********************************
//*********************************
trd1mod3#3010
trd1
-1000.000000 2000.000000 67.500000
1.  0.  0.  0.  1.  0.  0.  0.  1.
//*********************************
//*********************************
trd1mod3#3011
trd1
-1000.000000 -2000.000000 67.500000
1.  0.  0.  0.  1.  0.  0.  0.  1.
//*********************************
//*********************************
trd1mod3#3012
trd1
1000.000000 -2000.000000 67.500000
1.  0.  0.  0.  1.  0.  0.  0.  1.
//*********************************
//*********************************
trd1mod3#3013
trd1
2000.000000 2000.000000 67.500000
1.  0.  0.  0.  1.  0.  0.  0.  1.
//*********************************
//*********************************
trd1mod3#3014
trd1
2000.000000 -2000.000000 67.500000
1.  0.  0.  0.  1.  0.  0.  0.  1.
//*********************************
//*********************************
trd1mod3#3015
trd1
-2000.000000 -2000.000000 67.500000
1.  0.  0.  0.  1.  0.  0.  0.  1.
//*********************************
//*********************************
trd1mod3#3016
trd1
-2000.000000 2000.000000 67.500000
1.  0.  0.  0.  1.  0.  0.  0.  1.
//*********************************
//*********************************
trd1mod3#3017
trd1
2994.564209 2000.000000 -99.812759
0.944957 0.000000 0.327195 0.000000 1.000000 0.000000 -0.327195 0.000000 0.944957
//*********************************
//*********************************
trd1mod3#3018
trd1
2994.564209 1000.000000 -99.812759
0.944957 0.000000 0.327195 0.000000 1.000000 0.000000 -0.327195 0.000000 0.944957
//*********************************
//*********************************
trd1mod3#3019
trd1
2994.564209 0.000000 -99.812759
0.944957 0.000000 0.327195 0.000000 1.000000 0.000000 -0.327195 0.000000 0.944957
//*********************************
//*********************************
trd1mod3#3020
trd1
2994.564209 -1000.000000 -99.812759
0.944957 0.000000 0.327195 0.000000 1.000000 0.000000 -0.327195 0.000000 0.944957
//*********************************
//*********************************
trd1mod3#3021
trd1
2994.564209 -2000.000000 -99.812759
0.944957 0.000000 0.327195 0.000000 1.000000 0.000000 -0.327195 0.000000 0.944957
//*********************************
//*********************************
trd1mod3#3022
trd1
-2994.564209 -2000.000000 -99.812759
0.944957 0.000000 -0.327195 0.000000 1.000000 0.000000 0.327195 0.000000 0.944957
//*********************************
//*********************************
trd1mod3#3023
trd1
-2994.564209 -1000.000000 -99.812759
0.944957 0.000000 -0.327195 0.000000 1.000000 0.000000 0.327195 0.000000 0.944957
//*********************************
//*********************************
trd1mod3#3024
trd1
-2994.564209 0.000000 -99.812759
0.944957 0.000000 -0.327195 0.000000 1.000000 0.000000 0.327195 0.000000 0.944957
//*********************************
//*********************************
trd1mod3#3025
trd1
-2994.564209 1000.000000 -99.812759
0.944957 0.000000 -0.327195 0.000000 1.000000 0.000000 0.327195 0.000000 0.944957
//*********************************
//*********************************
trd1mod3#3026
trd1
-2994.564209 2000.000000 -99.812759
0.944957 0.000000 -0.327195 0.000000 1.000000 0.000000 0.327195 0.000000 0.944957
//*********************************
//*********************************
trd1mod1#4001
trd1
600.000000 0.000000 217.500000
1.  0.  0.  0.  1.  0.  0.  0.  1.
//*********************************
//*********************************
trd1mod1#4002
trd1
-600.000000 -0.000000 217.500000
1.  0.  0.  0.  1.  0.  0.  0.  1.
//*********************************
//*********************************
trd1mod1#4003
trd1
0.000000 600.000000 217.500000
1.  0.  0.  0.  1.  0.  0.  0.  1.
//*********************************
//*********************************
trd1mod1#4004
trd1
-0.000000 -600.000000 217.500000
1.  0.  0.  0.  1.  0.  0.  0.  1.
//*********************************
//*********************************
trd1mod1#4005
trd1
600.000000 600.000000 217.500000
