//*********************************************************
// TRD Jun10 geometry by DE
//*********************************************************
// stations located at 4500 / 6750 / 9000 mm in z
// with frontside of radiators of the 1st layer  
// v01 - 12 mm gas thickness		            
// v02 -  6 mm gas thickness (standard)          
// v03 - tilted,  6 mm gas thickness             
//*********************************************************
//*********************************************************
// This is the geometry file of the following configuration
// Number of stations: 3
// Number of layers per station: 4
//*********************************************************
// Inner Radius of station 1: 240.000000
// Outer Radius of station 1: 4600.000000
// z-position at the middle of the station 1: 4800.000000
//*********************************************************
// Inner Radius of station 2: 240.000000
// Outer Radius of station 2: 6600.000000
// z-position at the middle of the station 2: 7050.000000
//*********************************************************
// Inner Radius of station 3: 490.000000
// Outer Radius of station 3: 8600.000000
// z-position at the middle of the station 3: 9300.000000
//*********************************************************
//*********************************
trd1
cave
PGON
air
4
45 360 4
-1300.000000 4300.000000 4600.000000 
-300.000000 1500.000000 4600.000000 
-300.000000 240.000000 4600.000000 
300.000000 240.000000 4600.000000 
0. 0. 4800.0
1.  0.  0.  0.  1.  0.  0.  0.  1.
//*********************************
//*********************************
trd1layer#1
trd1
PGON
air
2
45 360 4
-67.500000 240.000000 4600.000000 
67.500000 240.000000 4600.000000 
0. 0. -232.5
1.  0.  0.  0.  1.  0.  0.  0.  1.
//*********************************
//*********************************
trd1mod1#1
trd1layer#1
BOX
air
250.000000 -250.000000 -67.500000
250.000000 250.000000 -67.500000
-250.000000 250.000000 -67.500000
-250.000000 -250.000000 -67.500000
250.000000 -250.000000 67.500000
250.000000 250.000000 67.500000
-250.000000 250.000000 67.500000
-250.000000 -250.000000 67.500000
500.000000 0.000000 0.000000
1.  0.  0.  0.  1.  0.  0.  0.  1.
//*********************************
//*********************************
trd1mod1radiator
trd1mod1#1
BOX
polypropylene
230.000000 -230.000000 -14.500000
230.000000 230.000000 -14.500000
-230.000000 230.000000 -14.500000
-230.000000 -230.000000 -14.500000
230.000000 -230.000000 14.500000
230.000000 230.000000 14.500000
-230.000000 230.000000 14.500000
-230.000000 -230.000000 14.500000
0.000000 0.000000 -53.000000
1.  0.  0.  0.  1.  0.  0.  0.  1.
//*********************************
//*********************************
trd1mod1gas
trd1mod1#1
BOX
TRDgas
230.000000 -230.000000 -3.000000
230.000000 230.000000 -3.000000
-230.000000 230.000000 -3.000000
-230.000000 -230.000000 -3.000000
230.000000 -230.000000 3.000000
230.000000 230.000000 3.000000
-230.000000 230.000000 3.000000
-230.000000 -230.000000 3.000000
0.000000 0.000000 -35.500000
1.  0.  0.  0.  1.  0.  0.  0.  1.
//*********************************
//*********************************
trd1mod1padplane
trd1mod1#1
BOX
goldcoatedcopper
230.000000 -230.000000 -0.015000
230.000000 230.000000 -0.015000
-230.000000 230.000000 -0.015000
-230.000000 -230.000000 -0.015000
230.000000 -230.000000 0.015000
230.000000 230.000000 0.015000
-230.000000 230.000000 0.015000
-230.000000 -230.000000 0.015000
0.000000 0.000000 -32.485001
1.  0.  0.  0.  1.  0.  0.  0.  1.
//*********************************
//*********************************
trd1mod1mylar
trd1mod1#1
BOX
mylar
230.000000 -230.000000 -0.750000
230.000000 230.000000 -0.750000
-230.000000 230.000000 -0.750000
-230.000000 -230.000000 -0.750000
230.000000 -230.000000 0.750000
230.000000 230.000000 0.750000
-230.000000 230.000000 0.750000
-230.000000 -230.000000 0.750000
0.000000 0.000000 -31.720001
1.  0.  0.  0.  1.  0.  0.  0.  1.
//*********************************
//*********************************
trd1mod1electronics
trd1mod1#1
BOX
goldcoatedcopper
230.000000 -230.000000 -0.035000
230.000000 230.000000 -0.035000
-230.000000 230.000000 -0.035000
-230.000000 -230.000000 -0.035000
230.000000 -230.000000 0.035000
230.000000 230.000000 0.035000
-230.000000 230.000000 0.035000
-230.000000 -230.000000 0.035000
0.000000 0.000000 -30.935001
1.  0.  0.  0.  1.  0.  0.  0.  1.
//*********************************
//*********************************
trd1mod1frame1#1
trd1mod1#1
BOX
G10
250.000000 -10.000000 -18.299999
250.000000 10.000000 -18.299999
-250.000000 10.000000 -18.299999
-250.000000 -10.000000 -18.299999
250.000000 -10.000000 18.299999
250.000000 10.000000 18.299999
-250.000000 10.000000 18.299999
-250.000000 -10.000000 18.299999
0.000000 240.000000 -49.200001
1.  0.  0.  0.  1.  0.  0.  0.  1.
//*********************************
//*********************************
trd1mod1frame1#2
trd1mod1#1
0.000000 -240.000000 -49.200001
1.  0.  0.  0.  1.  0.  0.  0.  1.
//*********************************
//*********************************
trd1mod1frame2#1
trd1mod1#1
BOX
G10
10.000000 -230.000000 -18.299999
10.000000 230.000000 -18.299999
-10.000000 230.000000 -18.299999
-10.000000 -230.000000 -18.299999
10.000000 -230.000000 18.299999
10.000000 230.000000 18.299999
-10.000000 230.000000 18.299999
-10.000000 -230.000000 18.299999
240.000000 0.000000 -49.200001
1.  0.  0.  0.  1.  0.  0.  0.  1.
//*********************************
//*********************************
trd1mod1frame2#2
trd1mod1#1
-240.000000 0.000000 -49.200001
1.  0.  0.  0.  1.  0.  0.  0.  1.
//*********************************
//*********************************
trd1mod1#2
trd1layer#1
0.000000 500.000000 0.000000
1.  0.  0.  0.  1.  0.  0.  0.  1.
//*********************************
//*********************************
trd1mod1#3
trd1layer#1
-500.000000 -0.000000 0.000000
1.  0.  0.  0.  1.  0.  0.  0.  1.
//*********************************
//*********************************
trd1mod1#4
trd1layer#1
-0.000000 -500.000000 0.000000
1.  0.  0.  0.  1.  0.  0.  0.  1.
//*********************************
//*********************************
trd1mod1#5
trd1layer#1
500.000000 500.000000 0.000000
1.  0.  0.  0.  1.  0.  0.  0.  1.
//*********************************
//*********************************
trd1mod1#6
trd1layer#1
500.000000 -500.000000 0.000000
1.  0.  0.  0.  1.  0.  0.  0.  1.
//*********************************
//*********************************
trd1mod1#7
trd1layer#1
-500.000000 -500.000000 0.000000
1.  0.  0.  0.  1.  0.  0.  0.  1.
//*********************************
//*********************************
trd1mod1#8
trd1layer#1
-500.000000 500.000000 0.000000
1.  0.  0.  0.  1.  0.  0.  0.  1.
//*********************************
//*********************************
trd1mod2#1
trd1layer#1
BOX
air
375.000000 -375.000000 -67.500000
375.000000 375.000000 -67.500000
-375.000000 375.000000 -67.500000
-375.000000 -375.000000 -67.500000
375.000000 -375.000000 67.500000
375.000000 375.000000 67.500000
-375.000000 375.000000 67.500000
-375.000000 -375.000000 67.500000
1125.000000 375.000000 0.000000
1.  0.  0.  0.  1.  0.  0.  0.  1.
//*********************************
//*********************************
trd1mod2radiator
trd1mod2#1
BOX
polypropylene
355.000000 -355.000000 -14.500000
355.000000 355.000000 -14.500000
-355.000000 355.000000 -14.500000
-355.000000 -355.000000 -14.500000
355.000000 -355.000000 14.500000
355.000000 355.000000 14.500000
-355.000000 355.000000 14.500000
-355.000000 -355.000000 14.500000
0.000000 0.000000 -53.000000
1.  0.  0.  0.  1.  0.  0.  0.  1.
//*********************************
//*********************************
trd1mod2gas
trd1mod2#1
BOX
TRDgas
355.000000 -355.000000 -3.000000
355.000000 355.000000 -3.000000
-355.000000 355.000000 -3.000000
-355.000000 -355.000000 -3.000000
355.000000 -355.000000 3.000000
355.000000 355.000000 3.000000
-355.000000 355.000000 3.000000
-355.000000 -355.000000 3.000000
0.000000 0.000000 -35.500000
1.  0.  0.  0.  1.  0.  0.  0.  1.
//*********************************
//*********************************
trd1mod2padplane
trd1mod2#1
BOX
goldcoatedcopper
355.000000 -355.000000 -0.015000
355.000000 355.000000 -0.015000
-355.000000 355.000000 -0.015000
-355.000000 -355.000000 -0.015000
355.000000 -355.000000 0.015000
355.000000 355.000000 0.015000
-355.000000 355.000000 0.015000
-355.000000 -355.000000 0.015000
0.000000 0.000000 -32.485001
1.  0.  0.  0.  1.  0.  0.  0.  1.
//*********************************
//*********************************
trd1mod2mylar
trd1mod2#1
BOX
mylar
355.000000 -355.000000 -0.750000
355.000000 355.000000 -0.750000
-355.000000 355.000000 -0.750000
-355.000000 -355.000000 -0.750000
355.000000 -355.000000 0.750000
355.000000 355.000000 0.750000
-355.000000 355.000000 0.750000
-355.000000 -355.000000 0.750000
0.000000 0.000000 -31.720001
1.  0.  0.  0.  1.  0.  0.  0.  1.
//*********************************
//*********************************
trd1mod2electronics
trd1mod2#1
BOX
goldcoatedcopper
355.000000 -355.000000 -0.035000
355.000000 355.000000 -0.035000
-355.000000 355.000000 -0.035000
-355.000000 -355.000000 -0.035000
355.000000 -355.000000 0.035000
355.000000 355.000000 0.035000
-355.000000 355.000000 0.035000
-355.000000 -355.000000 0.035000
0.000000 0.000000 -30.935001
1.  0.  0.  0.  1.  0.  0.  0.  1.
//*********************************
//*********************************
trd1mod2frame1#1
trd1mod2#1
BOX
G10
375.000000 -10.000000 -18.299999
375.000000 10.000000 -18.299999
-375.000000 10.000000 -18.299999
-375.000000 -10.000000 -18.299999
375.000000 -10.000000 18.299999
375.000000 10.000000 18.299999
-375.000000 10.000000 18.299999
-375.000000 -10.000000 18.299999
0.000000 365.000000 -49.200001
1.  0.  0.  0.  1.  0.  0.  0.  1.
//*********************************
//*********************************
trd1mod2frame1#2
trd1mod2#1
0.000000 -365.000000 -49.200001
1.  0.  0.  0.  1.  0.  0.  0.  1.
//*********************************
//*********************************
trd1mod2frame2#1
trd1mod2#1
BOX
G10
10.000000 -355.000000 -18.299999
10.000000 355.000000 -18.299999
-10.000000 355.000000 -18.299999
-10.000000 -355.000000 -18.299999
10.000000 -355.000000 18.299999
10.000000 355.000000 18.299999
-10.000000 355.000000 18.299999
-10.000000 -355.000000 18.299999
365.000000 0.000000 -49.200001
1.  0.  0.  0.  1.  0.  0.  0.  1.
//*********************************
//*********************************
trd1mod2frame2#2
trd1mod2#1
-365.000000 0.000000 -49.200001
1.  0.  0.  0.  1.  0.  0.  0.  1.
//*********************************
//*********************************
trd1mod2#2
trd1layer#1
-1125.000000 375.000000 0.000000
1.  0.  0.  0.  1.  0.  0.  0.  1.
//*********************************
//*********************************
trd1mod2#3
trd1layer#1
-1125.000000 -375.000000 0.000000
1.  0.  0.  0.  1.  0.  0.  0.  1.
//*********************************
//*********************************
trd1mod2#4
trd1layer#1
1125.000000 -375.000000 0.000000
1.  0.  0.  0.  1.  0.  0.  0.  1.
//*********************************
//*********************************
trd1mod2#5
trd1layer#1
1125.000000 1125.000000 0.000000
1.  0.  0.  0.  1.  0.  0.  0.  1.
//*********************************
//*********************************
trd1mod2#6
trd1layer#1
375.000000 1125.000000 0.000000
1.  0.  0.  0.  1.  0.  0.  0.  1.
//*********************************
//*********************************
trd1mod2#7
trd1layer#1
-375.000000 1125.000000 0.000000
1.  0.  0.  0.  1.  0.  0.  0.  1.
//*********************************
//*********************************
trd1mod2#8
trd1layer#1
-1125.000000 1125.000000 0.000000
1.  0.  0.  0.  1.  0.  0.  0.  1.
//*********************************
//*********************************
trd1mod2#9
trd1layer#1
-1125.000000 -1125.000000 0.000000
1.  0.  0.  0.  1.  0.  0.  0.  1.
//*********************************
//*********************************
trd1mod2#10
trd1layer#1
-375.000000 -1125.000000 0.000000
1.  0.  0.  0.  1.  0.  0.  0.  1.
//*********************************
//*********************************
trd1mod2#11
trd1layer#1
375.000000 -1125.000000 0.000000
1.  0.  0.  0.  1.  0.  0.  0.  1.
//*********************************
//*********************************
trd1mod2#12
trd1layer#1
1125.000000 -1125.000000 0.000000
1.  0.  0.  0.  1.  0.  0.  0.  1.
//*********************************
//*********************************
trd1mod3#1
trd1layer#1
BOX
air
500.000000 -500.000000 -67.500000
500.000000 500.000000 -67.500000
-500.000000 500.000000 -67.500000
-500.000000 -500.000000 -67.500000
500.000000 -500.000000 67.500000
500.000000 500.000000 67.500000
-500.000000 500.000000 67.500000
-500.000000 -500.000000 67.500000
1994.564087 1000.000000 -167.312775
0.944957 0.000000 0.327195 0.000000 1.000000 0.000000 -0.327195 0.000000 0.944957
//*********************************
//*********************************
trd1mod3radiator
trd1mod3#1
BOX
polypropylene
480.000000 -480.000000 -14.500000
480.000000 480.000000 -14.500000
-480.000000 480.000000 -14.500000
-480.000000 -480.000000 -14.500000
480.000000 -480.000000 14.500000
480.000000 480.000000 14.500000
-480.000000 480.000000 14.500000
-480.000000 -480.000000 14.500000
0.000000 0.000000 -53.000000
1.  0.  0.  0.  1.  0.  0.  0.  1.
//*********************************
//*********************************
trd1mod3gas
trd1mod3#1
BOX
TRDgas
480.000000 -480.000000 -3.000000
480.000000 480.000000 -3.000000
-480.000000 480.000000 -3.000000
-480.000000 -480.000000 -3.000000
480.000000 -480.000000 3.000000
480.000000 480.000000 3.000000
-480.000000 480.000000 3.000000
-480.000000 -480.000000 3.000000
0.000000 0.000000 -35.500000
1.  0.  0.  0.  1.  0.  0.  0.  1.
//*********************************
//*********************************
trd1mod3padplane
trd1mod3#1
BOX
goldcoatedcopper
480.000000 -480.000000 -0.015000
480.000000 480.000000 -0.015000
-480.000000 480.000000 -0.015000
-480.000000 -480.000000 -0.015000
480.000000 -480.000000 0.015000
480.000000 480.000000 0.015000
-480.000000 480.000000 0.015000
-480.000000 -480.000000 0.015000
0.000000 0.000000 -32.485001
1.  0.  0.  0.  1.  0.  0.  0.  1.
//*********************************
//*********************************
trd1mod3mylar
trd1mod3#1
BOX
mylar
480.000000 -480.000000 -0.750000
480.000000 480.000000 -0.750000
-480.000000 480.000000 -0.750000
-480.000000 -480.000000 -0.750000
480.000000 -480.000000 0.750000
480.000000 480.000000 0.750000
-480.000000 480.000000 0.750000
-480.000000 -480.000000 0.750000
0.000000 0.000000 -31.720001
1.  0.  0.  0.  1.  0.  0.  0.  1.
//*********************************
//*********************************
trd1mod3electronics
trd1mod3#1
BOX
goldcoatedcopper
480.000000 -480.000000 -0.035000
480.000000 480.000000 -0.035000
-480.000000 480.000000 -0.035000
-480.000000 -480.000000 -0.035000
480.000000 -480.000000 0.035000
480.000000 480.000000 0.035000
-480.000000 480.000000 0.035000
-480.000000 -480.000000 0.035000
0.000000 0.000000 -30.935001
1.  0.  0.  0.  1.  0.  0.  0.  1.
//*********************************
//*********************************
trd1mod3frame1#1
trd1mod3#1
BOX
G10
500.000000 -10.000000 -18.299999
500.000000 10.000000 -18.299999
-500.000000 10.000000 -18.299999
-500.000000 -10.000000 -18.299999
500.000000 -10.000000 18.299999
500.000000 10.000000 18.299999
-500.000000 10.000000 18.299999
-500.000000 -10.000000 18.299999
0.000000 490.000000 -49.200001
1.  0.  0.  0.  1.  0.  0.  0.  1.
//*********************************
//*********************************
trd1mod3frame1#2
trd1mod3#1
0.000000 -490.000000 -49.200001
1.  0.  0.  0.  1.  0.  0.  0.  1.
//*********************************
//*********************************
trd1mod3frame2#1
trd1mod3#1
BOX
G10
10.000000 -480.000000 -18.299999
10.000000 480.000000 -18.299999
-10.000000 480.000000 -18.299999
-10.000000 -480.000000 -18.299999
10.000000 -480.000000 18.299999
10.000000 480.000000 18.299999
-10.000000 480.000000 18.299999
-10.000000 -480.000000 18.299999
490.000000 0.000000 -49.200001
1.  0.  0.  0.  1.  0.  0.  0.  1.
//*********************************
//*********************************
trd1mod3frame2#2
trd1mod3#1
-490.000000 0.000000 -49.200001
1.  0.  0.  0.  1.  0.  0.  0.  1.
//*********************************
//*********************************
trd1mod3#2
trd1layer#1
1994.564087 0.000000 -167.312775
0.944957 0.000000 0.327195 0.000000 1.000000 0.000000 -0.327195 0.000000 0.944957
//*********************************
//*********************************
trd1mod3#3
trd1layer#1
1994.564087 -1000.000000 -167.312775
0.944957 0.000000 0.327195 0.000000 1.000000 0.000000 -0.327195 0.000000 0.944957
//*********************************
//*********************************
trd1mod3#4
trd1layer#1
-1994.564087 -1000.000000 -167.312775
0.944957 0.000000 -0.327195 0.000000 1.000000 0.000000 0.327195 0.000000 0.944957
//*********************************
//*********************************
trd1mod3#5
trd1layer#1
-1994.564087 0.000000 -167.312775
0.944957 0.000000 -0.327195 0.000000 1.000000 0.000000 0.327195 0.000000 0.944957
//*********************************
//*********************************
trd1mod3#6
trd1layer#1
-1994.564087 1000.000000 -167.312775
0.944957 0.000000 -0.327195 0.000000 1.000000 0.000000 0.327195 0.000000 0.944957
//*********************************
//*********************************
trd1mod3#7
trd1layer#1
1994.564087 2000.000000 -167.312775
0.944957 0.000000 0.327195 0.000000 1.000000 0.000000 -0.327195 0.000000 0.944957
//*********************************
//*********************************
trd1mod3#8
trd1layer#1
1994.564087 -2000.000000 -167.312775
0.944957 0.000000 0.327195 0.000000 1.000000 0.000000 -0.327195 0.000000 0.944957
//*********************************
//*********************************
trd1mod3#9
trd1layer#1
1000.000000 2000.000000 0.000000
1.  0.  0.  0.  1.  0.  0.  0.  1.
//*********************************
//*********************************
trd1mod3#10
trd1layer#1
0.000000 2000.000000 0.000000
1.  0.  0.  0.  1.  0.  0.  0.  1.
//*********************************
//*********************************
trd1mod3#11
trd1layer#1
-1000.000000 2000.000000 0.000000
1.  0.  0.  0.  1.  0.  0.  0.  1.
//*********************************
//*********************************
trd1mod3#12
trd1layer#1
2939.520996 2000.000000 -494.507477
0.944957 0.000000 0.327195 0.000000 1.000000 0.000000 -0.327195 0.000000 0.944957
//*********************************
//*********************************
trd1mod3#13
trd1layer#1
2939.520996 1000.000000 -494.507477
0.944957 0.000000 0.327195 0.000000 1.000000 0.000000 -0.327195 0.000000 0.944957
//*********************************
//*********************************
trd1mod3#14
trd1layer#1
2939.520996 0.000000 -494.507477
0.944957 0.000000 0.327195 0.000000 1.000000 0.000000 -0.327195 0.000000 0.944957
//*********************************
//*********************************
trd1mod3#15
trd1layer#1
2939.520996 -1000.000000 -494.507477
0.944957 0.000000 0.327195 0.000000 1.000000 0.000000 -0.327195 0.000000 0.944957
//*********************************
//*********************************
trd1mod3#16
trd1layer#1
2939.520996 -2000.000000 -494.507477
0.944957 0.000000 0.327195 0.000000 1.000000 0.000000 -0.327195 0.000000 0.944957
//*********************************
//*********************************
trd1mod3#17
trd1layer#1
3884.478027 2000.000000 -821.702209
0.944957 0.000000 0.327195 0.000000 1.000000 0.000000 -0.327195 0.000000 0.944957
//*********************************
//*********************************
trd1mod3#18
trd1layer#1
3884.478027 1000.000000 -821.702209
0.944957 0.000000 0.327195 0.000000 1.000000 0.000000 -0.327195 0.000000 0.944957
//*********************************
//*********************************
trd1mod3#19
trd1layer#1
3884.478027 0.000000 -821.702209
0.944957 0.000000 0.327195 0.000000 1.000000 0.000000 -0.327195 0.000000 0.944957
//*********************************
//*********************************
trd1mod3#20
trd1layer#1
3884.478027 -1000.000000 -821.702209
0.944957 0.000000 0.327195 0.000000 1.000000 0.000000 -0.327195 0.000000 0.944957
//*********************************
//*********************************
trd1mod3#21
trd1layer#1
3884.478027 -2000.000000 -821.702209
0.944957 0.000000 0.327195 0.000000 1.000000 0.000000 -0.327195 0.000000 0.944957
//*********************************
//*********************************
trd1mod3#22
trd1layer#1
-1994.564087 -2000.000000 -167.312775
0.944957 0.000000 -0.327195 0.000000 1.000000 0.000000 0.327195 0.000000 0.944957
//*********************************
//*********************************
trd1mod3#23
trd1layer#1
-1994.564087 2000.000000 -167.312775
0.944957 0.000000 -0.327195 0.000000 1.000000 0.000000 0.327195 0.000000 0.944957
//*********************************
//*********************************
trd1mod3#24
trd1layer#1
-1000.000000 -2000.000000 0.000000
1.  0.  0.  0.  1.  0.  0.  0.  1.
//*********************************
//*********************************
trd1mod3#25
trd1layer#1
-0.000000 -2000.000000 0.000000
1.  0.  0.  0.  1.  0.  0.  0.  1.
//*********************************
//*********************************
trd1mod3#26
trd1layer#1
1000.000000 -2000.000000 0.000000
1.  0.  0.  0.  1.  0.  0.  0.  1.
//*********************************
//*********************************
trd1mod3#27
trd1layer#1
-2939.520996 -2000.000000 -494.507477
0.944957 0.000000 -0.327195 0.000000 1.000000 0.000000 0.327195 0.000000 0.944957
//*********************************
//*********************************
trd1mod3#28
trd1layer#1
-2939.520996 -1000.000000 -494.507477
0.944957 0.000000 -0.327195 0.000000 1.000000 0.000000 0.327195 0.000000 0.944957
//*********************************
//*********************************
trd1mod3#29
trd1layer#1
-2939.520996 0.000000 -494.507477
0.944957 0.000000 -0.327195 0.000000 1.000000 0.000000 0.327195 0.000000 0.944957
//*********************************
//*********************************
trd1mod3#30
trd1layer#1
-2939.520996 1000.000000 -494.507477
0.944957 0.000000 -0.327195 0.000000 1.000000 0.000000 0.327195 0.000000 0.944957
//*********************************
//*********************************
trd1mod3#31
trd1layer#1
-2939.520996 2000.000000 -494.507477
0.944957 0.000000 -0.327195 0.000000 1.000000 0.000000 0.327195 0.000000 0.944957
//*********************************
//*********************************
trd1mod3#32
trd1layer#1
-3884.478027 -2000.000000 -821.702209
0.944957 0.000000 -0.327195 0.000000 1.000000 0.000000 0.327195 0.000000 0.944957
//*********************************
//*********************************
trd1mod3#33
trd1layer#1
-3884.478027 -1000.000000 -821.702209
0.944957 0.000000 -0.327195 0.000000 1.000000 0.000000 0.327195 0.000000 0.944957
//*********************************
//*********************************
trd1mod3#34
trd1layer#1
-3884.478027 0.000000 -821.702209
0.944957 0.000000 -0.327195 0.000000 1.000000 0.000000 0.327195 0.000000 0.944957
//*********************************
//*********************************
trd1mod3#35
trd1layer#1
-3884.478027 1000.000000 -821.702209
0.944957 0.000000 -0.327195 0.000000 1.000000 0.000000 0.327195 0.000000 0.944957
//*********************************
//*********************************
trd1mod3#36
trd1layer#1
-3884.478027 2000.000000 -821.702209
0.944957 0.000000 -0.327195 0.000000 1.000000 0.000000 0.327195 0.000000 0.944957
//*********************************
//*********************************
trd1layer#2
trd1
0. 0. -82.5
1.  0.  0.  0.  1.  0.  0.  0.  1.
//*********************************
//*********************************
trd1layer#3
trd1
0. 0. 67.5
1.  0.  0.  0.  1.  0.  0.  0.  1.
//*********************************
//*********************************
trd1layer#4
trd1
0. 0. 217.5
1.  0.  0.  0.  1.  0.  0.  0.  1.
//*********************************
//*********************************
trd2
cave
PGON
air
4
45 360 4
-1800.000000 6200.000000 6600.000000 
-300.000000 2500.000000 6600.000000 
-300.000000 240.000000 6600.000000 
300.000000 240.000000 6600.000000 
0. 0. 7050.0
1.  0.  0.  0.  1.  0.  0.  0.  1.
//*********************************
//*********************************
trd2layer#1
trd2
PGON
air
2
45 360 4
-67.500000 240.000000 6600.000000 
67.500000 240.000000 6600.000000 
0. 0. -232.5
1.  0.  0.  0.  1.  0.  0.  0.  1.
//*********************************
//*********************************
trd2mod1#1
trd2layer#1
BOX
air
250.000000 -250.000000 -67.500000
250.000000 250.000000 -67.500000
-250.000000 250.000000 -67.500000
-250.000000 -250.000000 -67.500000
250.000000 -250.000000 67.500000
250.000000 250.000000 67.500000
-250.000000 250.000000 67.500000
-250.000000 -250.000000 67.500000
500.000000 0.000000 0.000000
1.  0.  0.  0.  1.  0.  0.  0.  1.
//*********************************
//*********************************
trd2mod1radiator
trd2mod1#1
BOX
polypropylene
230.000000 -230.000000 -14.500000
230.000000 230.000000 -14.500000
-230.000000 230.000000 -14.500000
-230.000000 -230.000000 -14.500000
230.000000 -230.000000 14.500000
230.000000 230.000000 14.500000
-230.000000 230.000000 14.500000
-230.000000 -230.000000 14.500000
0.000000 0.000000 -53.000000
1.  0.  0.  0.  1.  0.  0.  0.  1.
//*********************************
//*********************************
trd2mod1gas
trd2mod1#1
BOX
TRDgas
230.000000 -230.000000 -3.000000
230.000000 230.000000 -3.000000
-230.000000 230.000000 -3.000000
-230.000000 -230.000000 -3.000000
230.000000 -230.000000 3.000000
230.000000 230.000000 3.000000
-230.000000 230.000000 3.000000
-230.000000 -230.000000 3.000000
0.000000 0.000000 -35.500000
1.  0.  0.  0.  1.  0.  0.  0.  1.
//*********************************
//*********************************
trd2mod1padplane
trd2mod1#1
BOX
goldcoatedcopper
230.000000 -230.000000 -0.015000
230.000000 230.000000 -0.015000
-230.000000 230.000000 -0.015000
-230.000000 -230.000000 -0.015000
230.000000 -230.000000 0.015000
230.000000 230.000000 0.015000
-230.000000 230.000000 0.015000
-230.000000 -230.000000 0.015000
0.000000 0.000000 -32.485001
1.  0.  0.  0.  1.  0.  0.  0.  1.
//*********************************
//*********************************
trd2mod1mylar
trd2mod1#1
BOX
mylar
230.000000 -230.000000 -0.750000
230.000000 230.000000 -0.750000
-230.000000 230.000000 -0.750000
-230.000000 -230.000000 -0.750000
230.000000 -230.000000 0.750000
230.000000 230.000000 0.750000
-230.000000 230.000000 0.750000
-230.000000 -230.000000 0.750000
0.000000 0.000000 -31.720001
1.  0.  0.  0.  1.  0.  0.  0.  1.
//*********************************
//*********************************
trd2mod1electronics
trd2mod1#1
BOX
goldcoatedcopper
230.000000 -230.000000 -0.035000
230.000000 230.000000 -0.035000
-230.000000 230.000000 -0.035000
-230.000000 -230.000000 -0.035000
230.000000 -230.000000 0.035000
230.000000 230.000000 0.035000
-230.000000 230.000000 0.035000
-230.000000 -230.000000 0.035000
0.000000 0.000000 -30.935001
1.  0.  0.  0.  1.  0.  0.  0.  1.
//*********************************
//*********************************
trd2mod1frame1#1
trd2mod1#1
BOX
G10
250.000000 -10.000000 -18.299999
250.000000 10.000000 -18.299999
-250.000000 10.000000 -18.299999
-250.000000 -10.000000 -18.299999
250.000000 -10.000000 18.299999
250.000000 10.000000 18.299999
-250.000000 10.000000 18.299999
-250.000000 -10.000000 18.299999
0.000000 240.000000 -49.200001
1.  0.  0.  0.  1.  0.  0.  0.  1.
//*********************************
//*********************************
trd2mod1frame1#2
trd2mod1#1
0.000000 -240.000000 -49.200001
1.  0.  0.  0.  1.  0.  0.  0.  1.
//*********************************
//*********************************
trd2mod1frame2#1
trd2mod1#1
BOX
G10
10.000000 -230.000000 -18.299999
10.000000 230.000000 -18.299999
-10.000000 230.000000 -18.299999
-10.000000 -230.000000 -18.299999
10.000000 -230.000000 18.299999
10.000000 230.000000 18.299999
-10.000000 230.000000 18.299999
-10.000000 -230.000000 18.299999
240.000000 0.000000 -49.200001
1.  0.  0.  0.  1.  0.  0.  0.  1.
//*********************************
//*********************************
trd2mod1frame2#2
trd2mod1#1
-240.000000 0.000000 -49.200001
1.  0.  0.  0.  1.  0.  0.  0.  1.
//*********************************
//*********************************
trd2mod1#2
trd2layer#1
0.000000 500.000000 0.000000
1.  0.  0.  0.  1.  0.  0.  0.  1.
//*********************************
//*********************************
trd2mod1#3
trd2layer#1
-500.000000 -0.000000 0.000000
1.  0.  0.  0.  1.  0.  0.  0.  1.
//*********************************
//*********************************
trd2mod1#4
trd2layer#1
-0.000000 -500.000000 0.000000
1.  0.  0.  0.  1.  0.  0.  0.  1.
//*********************************
//*********************************
trd2mod1#5
trd2layer#1
500.000000 500.000000 0.000000
1.  0.  0.  0.  1.  0.  0.  0.  1.
//*********************************
//*********************************
trd2mod1#6
trd2layer#1
500.000000 -500.000000 0.000000
1.  0.  0.  0.  1.  0.  0.  0.  1.
//*********************************
//*********************************
trd2mod1#7
trd2layer#1
-500.000000 -500.000000 0.000000
1.  0.  0.  0.  1.  0.  0.  0.  1.
//*********************************
//*********************************
trd2mod1#8
trd2layer#1
-500.000000 500.000000 0.000000
1.  0.  0.  0.  1.  0.  0.  0.  1.
//*********************************
//*********************************
trd2mod2#1
trd2layer#1
BOX
air
375.000000 -375.000000 -67.500000
375.000000 375.000000 -67.500000
-375.000000 375.000000 -67.500000
-375.000000 -375.000000 -67.500000
375.000000 -375.000000 67.500000
375.000000 375.000000 67.500000
-375.000000 375.000000 67.500000
-375.000000 -375.000000 67.500000
1125.000000 375.000000 0.000000
1.  0.  0.  0.  1.  0.  0.  0.  1.
//*********************************
//*********************************
trd2mod2radiator
trd2mod2#1
BOX
polypropylene
355.000000 -355.000000 -14.500000
355.000000 355.000000 -14.500000
-355.000000 355.000000 -14.500000
-355.000000 -355.000000 -14.500000
355.000000 -355.000000 14.500000
355.000000 355.000000 14.500000
-355.000000 355.000000 14.500000
-355.000000 -355.000000 14.500000
0.000000 0.000000 -53.000000
1.  0.  0.  0.  1.  0.  0.  0.  1.
//*********************************
//*********************************
trd2mod2gas
trd2mod2#1
BOX
TRDgas
355.000000 -355.000000 -3.000000
355.000000 355.000000 -3.000000
-355.000000 355.000000 -3.000000
-355.000000 -355.000000 -3.000000
355.000000 -355.000000 3.000000
355.000000 355.000000 3.000000
-355.000000 355.000000 3.000000
-355.000000 -355.000000 3.000000
0.000000 0.000000 -35.500000
1.  0.  0.  0.  1.  0.  0.  0.  1.
//*********************************
//*********************************
trd2mod2padplane
trd2mod2#1
BOX
goldcoatedcopper
355.000000 -355.000000 -0.015000
355.000000 355.000000 -0.015000
-355.000000 355.000000 -0.015000
-355.000000 -355.000000 -0.015000
355.000000 -355.000000 0.015000
355.000000 355.000000 0.015000
-355.000000 355.000000 0.015000
-355.000000 -355.000000 0.015000
0.000000 0.000000 -32.485001
1.  0.  0.  0.  1.  0.  0.  0.  1.
//*********************************
//*********************************
trd2mod2mylar
trd2mod2#1
BOX
mylar
355.000000 -355.000000 -0.750000
355.000000 355.000000 -0.750000
-355.000000 355.000000 -0.750000
-355.000000 -355.000000 -0.750000
355.000000 -355.000000 0.750000
355.000000 355.000000 0.750000
-355.000000 355.000000 0.750000
-355.000000 -355.000000 0.750000
0.000000 0.000000 -31.720001
1.  0.  0.  0.  1.  0.  0.  0.  1.
//*********************************
//*********************************
trd2mod2electronics
trd2mod2#1
BOX
goldcoatedcopper
355.000000 -355.000000 -0.035000
355.000000 355.000000 -0.035000
-355.000000 355.000000 -0.035000
-355.000000 -355.000000 -0.035000
355.000000 -355.000000 0.035000
355.000000 355.000000 0.035000
-355.000000 355.000000 0.035000
-355.000000 -355.000000 0.035000
0.000000 0.000000 -30.935001
1.  0.  0.  0.  1.  0.  0.  0.  1.
//*********************************
//*********************************
trd2mod2frame1#1
trd2mod2#1
BOX
G10
375.000000 -10.000000 -18.299999
375.000000 10.000000 -18.299999
-375.000000 10.000000 -18.299999
-375.000000 -10.000000 -18.299999
375.000000 -10.000000 18.299999
375.000000 10.000000 18.299999
-375.000000 10.000000 18.299999
-375.000000 -10.000000 18.299999
0.000000 365.000000 -49.200001
1.  0.  0.  0.  1.  0.  0.  0.  1.
//*********************************
//*********************************
trd2mod2frame1#2
trd2mod2#1
0.000000 -365.000000 -49.200001
1.  0.  0.  0.  1.  0.  0.  0.  1.
//*********************************
//*********************************
trd2mod2frame2#1
trd2mod2#1
BOX
G10
10.000000 -355.000000 -18.299999
10.000000 355.000000 -18.299999
-10.000000 355.000000 -18.299999
-10.000000 -355.000000 -18.299999
10.000000 -355.000000 18.299999
10.000000 355.000000 18.299999
-10.000000 355.000000 18.299999
-10.000000 -355.000000 18.299999
365.000000 0.000000 -49.200001
1.  0.  0.  0.  1.  0.  0.  0.  1.
//*********************************
//*********************************
trd2mod2frame2#2
trd2mod2#1
-365.000000 0.000000 -49.200001
1.  0.  0.  0.  1.  0.  0.  0.  1.
//*********************************
//*********************************
trd2mod2#2
trd2layer#1
-1125.000000 375.000000 0.000000
1.  0.  0.  0.  1.  0.  0.  0.  1.
//*********************************
//*********************************
trd2mod2#3
trd2layer#1
-1125.000000 -375.000000 0.000000
1.  0.  0.  0.  1.  0.  0.  0.  1.
//*********************************
//*********************************
trd2mod2#4
trd2layer#1
1125.000000 -375.000000 0.000000
1.  0.  0.  0.  1.  0.  0.  0.  1.
//*********************************
//*********************************
trd2mod2#5
trd2layer#1
1125.000000 1125.000000 0.000000
1.  0.  0.  0.  1.  0.  0.  0.  1.
//*********************************
//*********************************
trd2mod2#6
trd2layer#1
375.000000 1125.000000 0.000000
1.  0.  0.  0.  1.  0.  0.  0.  1.
//*********************************
//*********************************
trd2mod2#7
trd2layer#1
-375.000000 1125.000000 0.000000
1.  0.  0.  0.  1.  0.  0.  0.  1.
//*********************************
//*********************************
trd2mod2#8
trd2layer#1
-1125.000000 1125.000000 0.000000
1.  0.  0.  0.  1.  0.  0.  0.  1.
//*********************************
//*********************************
trd2mod2#9
trd2layer#1
-1125.000000 -1125.000000 0.000000
1.  0.  0.  0.  1.  0.  0.  0.  1.
//*********************************
//*********************************
trd2mod2#10
trd2layer#1
-375.000000 -1125.000000 0.000000
1.  0.  0.  0.  1.  0.  0.  0.  1.
//*********************************
//*********************************
trd2mod2#11
trd2layer#1
375.000000 -1125.000000 0.000000
1.  0.  0.  0.  1.  0.  0.  0.  1.
//*********************************
//*********************************
trd2mod2#12
trd2layer#1
1125.000000 -1125.000000 0.000000
1.  0.  0.  0.  1.  0.  0.  0.  1.
//*********************************
//*********************************
trd2mod3#1
trd2layer#1
BOX
air
500.000000 -500.000000 -67.500000
500.000000 500.000000 -67.500000
-500.000000 500.000000 -67.500000
-500.000000 -500.000000 -67.500000
500.000000 -500.000000 67.500000
500.000000 500.000000 67.500000
-500.000000 500.000000 67.500000
-500.000000 -500.000000 67.500000
2000.000000 1000.000000 0.000000
1.  0.  0.  0.  1.  0.  0.  0.  1.
//*********************************
//*********************************
trd2mod3radiator
trd2mod3#1
BOX
polypropylene
480.000000 -480.000000 -14.500000
480.000000 480.000000 -14.500000
-480.000000 480.000000 -14.500000
-480.000000 -480.000000 -14.500000
480.000000 -480.000000 14.500000
480.000000 480.000000 14.500000
-480.000000 480.000000 14.500000
-480.000000 -480.000000 14.500000
0.000000 0.000000 -53.000000
1.  0.  0.  0.  1.  0.  0.  0.  1.
//*********************************
//*********************************
trd2mod3gas
trd2mod3#1
BOX
TRDgas
480.000000 -480.000000 -3.000000
480.000000 480.000000 -3.000000
-480.000000 480.000000 -3.000000
-480.000000 -480.000000 -3.000000
480.000000 -480.000000 3.000000
480.000000 480.000000 3.000000
-480.000000 480.000000 3.000000
-480.000000 -480.000000 3.000000
0.000000 0.000000 -35.500000
1.  0.  0.  0.  1.  0.  0.  0.  1.
//*********************************
//*********************************
trd2mod3padplane
trd2mod3#1
BOX
goldcoatedcopper
480.000000 -480.000000 -0.015000
480.000000 480.000000 -0.015000
-480.000000 480.000000 -0.015000
-480.000000 -480.000000 -0.015000
480.000000 -480.000000 0.015000
480.000000 480.000000 0.015000
-480.000000 480.000000 0.015000
-480.000000 -480.000000 0.015000
0.000000 0.000000 -32.485001
1.  0.  0.  0.  1.  0.  0.  0.  1.
//*********************************
//*********************************
trd2mod3mylar
trd2mod3#1
BOX
mylar
480.000000 -480.000000 -0.750000
480.000000 480.000000 -0.750000
-480.000000 480.000000 -0.750000
-480.000000 -480.000000 -0.750000
480.000000 -480.000000 0.750000
480.000000 480.000000 0.750000
-480.000000 480.000000 0.750000
-480.000000 -480.000000 0.750000
0.000000 0.000000 -31.720001
1.  0.  0.  0.  1.  0.  0.  0.  1.
//*********************************
//*********************************
trd2mod3electronics
trd2mod3#1
BOX
goldcoatedcopper
480.000000 -480.000000 -0.035000
480.000000 480.000000 -0.035000
-480.000000 480.000000 -0.035000
-480.000000 -480.000000 -0.035000
480.000000 -480.000000 0.035000
480.000000 480.000000 0.035000
-480.000000 480.000000 0.035000
-480.000000 -480.000000 0.035000
0.000000 0.000000 -30.935001
1.  0.  0.  0.  1.  0.  0.  0.  1.
//*********************************
//*********************************
trd2mod3frame1#1
trd2mod3#1
BOX
G10
500.000000 -10.000000 -18.299999
500.000000 10.000000 -18.299999
-500.000000 10.000000 -18.299999
-500.000000 -10.000000 -18.299999
500.000000 -10.000000 18.299999
500.000000 10.000000 18.299999
-500.000000 10.000000 18.299999
-500.000000 -10.000000 18.299999
0.000000 490.000000 -49.200001
1.  0.  0.  0.  1.  0.  0.  0.  1.
//*********************************
//*********************************
trd2mod3frame1#2
trd2mod3#1
0.000000 -490.000000 -49.200001
1.  0.  0.  0.  1.  0.  0.  0.  1.
//*********************************
//*********************************
trd2mod3frame2#1
trd2mod3#1
BOX
G10
10.000000 -480.000000 -18.299999
10.000000 480.000000 -18.299999
-10.000000 480.000000 -18.299999
-10.000000 -480.000000 -18.299999
10.000000 -480.000000 18.299999
10.000000 480.000000 18.299999
-10.000000 480.000000 18.299999
-10.000000 -480.000000 18.299999
490.000000 0.000000 -49.200001
1.  0.  0.  0.  1.  0.  0.  0.  1.
//*********************************
//*********************************
trd2mod3frame2#2
trd2mod3#1
-490.000000 0.000000 -49.200001
1.  0.  0.  0.  1.  0.  0.  0.  1.
//*********************************
//*********************************
trd2mod3#2
trd2layer#1
2000.000000 0.000000 0.000000
1.  0.  0.  0.  1.  0.  0.  0.  1.
//*********************************
//*********************************
trd2mod3#3
trd2layer#1
2000.000000 -1000.000000 0.000000
1.  0.  0.  0.  1.  0.  0.  0.  1.
//*********************************
//*********************************
trd2mod3#4
trd2layer#1
-2000.000000 -1000.000000 0.000000
1.  0.  0.  0.  1.  0.  0.  0.  1.
//*********************************
//*********************************
trd2mod3#5
trd2layer#1
-2000.000000 -0.000000 0.000000
1.  0.  0.  0.  1.  0.  0.  0.  1.
//*********************************
//*********************************
trd2mod3#6
trd2layer#1
-2000.000000 1000.000000 0.000000
1.  0.  0.  0.  1.  0.  0.  0.  1.
//*********************************
//*********************************
trd2mod3#7
trd2layer#1
2000.000000 2000.000000 0.000000
1.  0.  0.  0.  1.  0.  0.  0.  1.
//*********************************
//*********************************
trd2mod3#8
trd2layer#1
2000.000000 -2000.000000 0.000000
